%YAML:1.0
embed: !!opencv-matrix
   rows: 8
   cols: 128
   dt: f
   data: [ -5.65519631e-02, -2.68087722e-02, -9.73061398e-02,
       1.08177150e-02, 4.59332913e-02, 5.10659032e-02, 3.32121924e-02,
       -1.28324077e-01, 9.52945501e-02, -2.38300130e-01, 7.59231895e-02,
       1.59026012e-02, -2.93838605e-02, -7.76371136e-02, 1.37837648e-01,
       8.38180557e-02, 6.06898814e-02, -4.75611985e-02, -9.46979597e-02,
       2.60980218e-03, -5.76645695e-02, -7.92409107e-03, -2.06013232e-01,
       -5.49304746e-02, 1.71148777e-02, 9.79418308e-02, 2.65311003e-02,
       1.61212429e-01, 3.10716610e-02, 8.26217383e-02, 1.40638083e-01,
       8.88397694e-02, -6.15725480e-02, -3.92941572e-02, 1.22489929e-02,
       3.74835208e-02, -1.76180288e-01, 8.84984508e-02, 2.37247542e-01,
       7.94037357e-02, 3.74694280e-02, 6.82679713e-02, -2.90887291e-03,
       -1.93292946e-01, 9.93778333e-02, 3.85833345e-02, 1.38061177e-02,
       -5.37586100e-02, -7.63835534e-02, 8.23199376e-02, 1.51366675e-02,
       7.84482956e-02, 1.24388464e-01, 1.18628135e-02, 2.87087075e-03,
       8.63924250e-02, 1.46145448e-02, -5.27098253e-02, 2.64822692e-02,
       2.36043669e-02, 8.64593014e-02, 9.88080073e-03, 2.27934830e-02,
       9.32264104e-02, 9.25929919e-02, 2.38165837e-02, 1.69089347e-01,
       -1.20852277e-01, -4.09464650e-02, -2.25282572e-02, 9.52498764e-02,
       -8.98577571e-02, 2.75797639e-02, -7.59892687e-02, -2.09898576e-02,
       3.99079137e-02, 1.73553396e-02, 1.04434736e-01, -1.10465594e-01,
       8.14675763e-02, -5.41482531e-02, -8.72198120e-03, 4.55177054e-02,
       6.87918589e-02, 1.78444199e-02, -2.92760637e-02, 1.45564243e-01,
       -4.89293039e-02, -6.51013851e-02, -1.01612732e-01, 1.17424428e-01,
       -7.25078210e-02, -3.71500216e-02, -4.23415788e-02,
       -1.25398918e-03, 8.34035203e-02, -8.70171785e-02, -2.41656825e-02,
       -1.38931662e-01, 5.33376634e-02, -8.25814530e-02, 5.67965619e-02,
       5.81843443e-02, 1.50028728e-02, 5.65001927e-02, 5.20470664e-02,
       -5.41283563e-02, 7.31807053e-02, 4.79430370e-02, 6.61095604e-02,
       1.50833633e-02, 4.56765331e-02, -8.50130990e-03, -1.11181848e-02,
       3.58133540e-02, 3.47445719e-02, -1.07934587e-01, 2.22106710e-01,
       -7.23870173e-02, -1.51758909e-01, 5.85742630e-02, 1.14208251e-01,
       3.06979358e-01, -3.91575694e-02, 6.17116541e-02, -1.09019108e-01,
       -9.06710401e-02, -1.02147155e-01, 7.29752481e-02, -6.73626810e-02,
       -1.00394681e-01, 4.71266508e-02, 1.26028970e-01, -7.31426179e-02,
       -1.00896796e-02, -1.32458419e-01, -4.47287410e-02,
       -1.19238101e-01, 6.50669932e-02, 8.54476616e-02, -8.06617551e-03,
       -1.64559036e-01, 5.70504591e-02, -2.97462028e-02, 1.89746767e-01,
       -1.34700499e-02, -9.80488956e-02, -3.05815749e-02,
       -4.61578406e-02, -8.13442841e-02, -2.25798879e-02,
       -1.22725457e-01, -3.91399823e-02, -4.50251959e-02,
       -5.59892692e-02, 2.12601960e-01, -2.13057958e-02, 1.08773202e-01,
       1.27786025e-01, -4.44954669e-04, -5.38616404e-02, -7.18029216e-02,
       -2.62722112e-02, 4.85337004e-02, -8.86354893e-02, 5.66684268e-02,
       1.29352689e-01, 6.79839030e-02, -5.55050336e-02, 8.60309973e-02,
       1.34730175e-01, -2.82842852e-02, 6.94998205e-02, 5.91885783e-02,
       1.05636502e-02, 1.35532655e-02, -1.08459838e-01, 1.14394799e-01,
       3.17441933e-02, 3.94158326e-02, 7.20239151e-03, 1.20669641e-02,
       1.44459471e-01, 8.99045318e-02, -1.68186277e-01, 7.13691115e-02,
       3.68915871e-02, -4.57184240e-02, -5.72511367e-03, -1.81955576e-01,
       1.38564125e-01, -1.51803270e-02, 2.61703320e-02, 1.52729124e-01,
       -1.28537297e-01, 3.24727111e-02, -1.24279067e-01, 2.17499230e-02,
       3.83843221e-02, -2.38229465e-02, -1.45645963e-03, -1.08586594e-01,
       -3.10916211e-02, 1.01189353e-01, -1.35828340e-02, 6.43809289e-02,
       -7.46024996e-02, 4.81347926e-02, -7.88736865e-02, 1.45469517e-01,
       6.68146610e-02, 1.34452239e-01, -8.22678059e-02, -4.33285870e-02,
       -1.25585729e-02, -1.42319888e-01, -6.49827495e-02,
       -1.09500624e-01, 1.00349464e-01, -6.76932633e-02, -6.21656403e-02,
       -1.79797467e-02, 2.22546384e-02, -7.43916929e-02, -5.89324050e-02,
       -7.36860037e-02, -1.74040958e-01, -3.00245523e-03,
       -1.79507565e-02, 1.49228759e-02, 6.44461662e-02, 5.04725687e-02,
       -1.24809660e-01, 2.05275398e-02, 6.00543059e-02, -6.51651770e-02,
       -1.07318640e-03, 2.09553055e-02, 2.58327536e-02, 1.18460722e-01,
       8.01521242e-02, 1.35688819e-02, 1.46745622e-01, -8.58190469e-03,
       -8.39559734e-02, 1.08305290e-01, -1.30948871e-02, -1.38390824e-01,
       4.51460928e-02, 6.31889999e-02, 3.10194224e-01, -1.17839321e-01,
       -8.86013061e-02, -7.85534605e-02, -2.99645215e-02,
       -5.63082993e-02, 7.27313012e-02, -4.47363891e-02, -9.11375359e-02,
       -5.21768741e-02, 4.06867564e-02, -4.21188734e-02, 4.23610881e-02,
       -9.62366238e-02, -2.43861694e-02, -1.34753302e-01,
       -9.49140394e-06, 1.13345399e-01, -2.84120478e-02, -1.60546795e-01,
       1.08040115e-02, -3.19545120e-02, 3.95773128e-02, -1.38313785e-01,
       7.75310257e-03, -4.52277847e-02, -4.69985753e-02, -2.74148658e-02,
       -1.01878010e-01, -4.82874662e-02, 5.84236113e-03, 3.58364172e-02,
       3.60634848e-02, 1.12761460e-01, 1.49050513e-02, 1.25237256e-01,
       4.25168239e-02, 8.25307369e-02, -5.03851064e-02, -1.38040230e-01,
       -9.71210226e-02, -1.60029642e-02, -6.87226653e-02, 1.70626909e-01,
       1.62830517e-01, 7.55938143e-02, -5.93508296e-02, 1.10120095e-01,
       2.81317998e-02, -6.84096515e-02, 3.85702029e-03, 9.44054350e-02,
       2.64348811e-03, 2.89082006e-02, -1.12133674e-01, 1.66268185e-01,
       -2.13779081e-02, 1.22224480e-01, 1.60257101e-01, -1.02472462e-01,
       3.65241691e-02, 1.24890022e-01, -1.19254082e-01, 6.04029894e-02,
       9.54696238e-02, 8.76885056e-02, -4.76812832e-02, -1.37797251e-01,
       -7.33421594e-02, 2.40246430e-02, 9.70844924e-02, 7.47143924e-02,
       4.52121865e-04, -2.56981011e-02, -8.38914663e-02, -2.86968593e-02,
       6.62878528e-02, -9.27288458e-02, -1.16551882e-02, -8.86396989e-02,
       1.92823932e-02, 3.75205949e-02, -4.03786823e-02, 1.53661728e-01,
       -1.63308322e-01, -2.18394212e-02, -7.38349557e-02, 3.91053110e-02,
       1.76432841e-02, 6.72539845e-02, -2.39117630e-02, 1.78181578e-03,
       7.26193711e-02, -1.29756689e-01, -1.12658828e-01, -7.06778243e-02,
       1.29254237e-01, -9.71183628e-02, -2.16945168e-02, -1.65969685e-01,
       7.67585784e-02, 9.71621051e-02, -7.27202296e-02, -9.89404768e-02,
       -1.31357804e-01, -3.01196352e-02, -8.29940438e-02,
       -3.60024646e-02, 1.69335291e-01, -7.15117380e-02, -1.81596115e-01,
       -9.03433710e-02, 1.02536060e-01, 1.79776270e-02, 9.97792855e-02,
       -2.52815112e-02, 2.55381241e-02, -2.88763009e-02, 3.86047438e-02,
       7.98353329e-02, 1.40212774e-01, 3.03058866e-02, -1.03055894e-01,
       2.73383379e-01, 5.34222880e-03, -1.32493125e-02, 1.18229993e-01,
       -4.18977328e-02, 1.69561759e-01, -1.82035379e-02, -5.32792397e-02,
       -7.51760155e-02, -5.70985079e-02, -2.19693426e-02, 1.54873148e-01,
       -3.50077115e-02, -1.83290169e-01, -1.77654158e-02, 4.19568419e-02,
       -7.42136464e-02, -5.80235831e-02, -8.08680952e-02,
       -7.95335844e-02, -9.84746311e-03, -7.87698023e-04, 2.05167104e-02,
       -2.87841279e-02, -9.73524600e-02, 4.77727130e-02, 1.36139318e-01,
       1.65958554e-01, -3.61771472e-02, 2.74268650e-02, -4.64384705e-02,
       7.88358133e-03, 3.49917747e-02, -1.11688577e-01, -7.00357258e-02,
       6.53075874e-02, 9.02214646e-02, -2.89389174e-02, 2.16633096e-01,
       6.07097521e-03, 7.49364346e-02, 1.15328148e-01, 1.56645596e-01,
       6.20611571e-03, -5.23690432e-02, 9.32647288e-03, 1.04271397e-01,
       -1.00543663e-01, 2.97489688e-02, -2.31012069e-02, 1.70339257e-01,
       -1.54392391e-01, 1.75815001e-01, 1.58325002e-01, -8.72022733e-02,
       5.20900562e-02, 6.27607927e-02, -7.16091394e-02, 1.46906465e-01,
