%YAML:1.0
embed: !!opencv-matrix
   rows: 5
   cols: 128
   dt: f
   data: [ 3.83323580e-02, -8.79107043e-02, -1.06859893e-01,
       6.35963911e-03, 4.14950177e-02, -1.75600722e-02, 4.97511812e-02,
       -1.30414084e-01, -2.79323813e-02, -1.30233139e-01, 2.32343283e-02,
       5.66976257e-02, -3.01158167e-02, -1.78377047e-01, 6.10077307e-02,
       8.19722936e-03, 5.71543537e-02, -1.37631297e-01, -3.99712957e-02,
       -4.56769988e-02, -3.39325145e-02, -4.32142057e-02,
       -6.66082799e-02, -7.77932350e-03, -1.15782563e-02, 6.82738796e-02,
       4.23309617e-02, 1.50076345e-01, 8.31219107e-02, 8.62175822e-02,
       1.18766241e-01, 3.14972512e-02, -2.82910820e-02, -7.78510645e-02,
       -3.95473652e-02, 4.95869555e-02, -1.69467732e-01, 6.19597659e-02,
       1.54227495e-01, 5.27774431e-02, -8.20063576e-02, 9.24653485e-02,
       7.97850341e-02, -1.25208497e-01, 6.61494955e-02, 7.27387369e-02,
       3.22659826e-03, -7.15356087e-03, -1.05503097e-01, 8.56544375e-02,
       1.78717654e-02, 8.85969847e-02, 9.50775370e-02, -5.66021837e-02,
       6.62564039e-02, 1.30419821e-01, -1.82900727e-01, 3.21498774e-02,
       8.89420062e-02, 6.32521883e-02, -4.97496165e-02, -1.25047162e-01,
       5.31501994e-02, -5.15088206e-03, 3.65084410e-02, 1.50269642e-01,
       1.15465699e-02, 5.60405254e-02, -5.80472834e-02, 4.45629321e-02,
       8.66542757e-02, -1.09206297e-01, 4.62742262e-02, -1.33923098e-01,
       1.24530867e-03, 1.20377988e-01, -4.80593480e-02, 1.41553000e-01,
       -1.35026112e-01, 1.85684897e-02, -6.28181025e-02, 1.15524933e-01,
       -2.47939466e-03, 5.38252145e-02, -6.71810377e-03, -6.11887202e-02,
       -1.29970931e-03, -1.11649893e-01, -5.64839765e-02,
       -9.30842608e-02, 1.98722824e-01, -6.79580718e-02, -1.32073630e-02,
       -5.11967503e-02, 8.41343123e-03, 8.61334205e-02, -1.44218460e-01,
       -1.30640417e-02, -1.31043017e-01, 4.97113317e-02, -6.75004423e-02,
       -6.77535087e-02, 1.91354081e-01, 3.32528166e-02, -1.22988224e-01,
       -6.23820461e-02, 8.45707133e-02, 6.26099035e-02, -2.89880391e-02,
       -2.31241784e-03, 3.83684710e-02, 6.17163926e-02, 4.69601974e-02,
       6.63982099e-03, 1.77567258e-01, 2.80555487e-02, -8.52214620e-02,
       2.21075833e-01, 3.74366879e-03, -8.27138200e-02, 1.74277768e-01,
       -7.38285435e-03, 2.50009358e-01, -2.72757616e-02, -1.60685764e-03,
       -1.23753540e-01, -2.95615122e-02, -4.31540795e-02, 0., 0., 0., 0.,
       0., 0., 0., 0., 0., 0., 0., 0., 0., 0., 0., 0., 0., 0., 0., 0.,
       0., 0., 0., 0., 0., 0., 0., 0., 0., 0., 0., 0., 0., 0., 0., 0.,
       0., 0., 0., 0., 0., 0., 0., 0., 0., 0., 0., 0., 0., 0., 0., 0.,
       0., 0., 0., 0., 0., 0., 0., 0., 0., 0., 0., 0., 0., 0., 0., 0.,
       0., 0., 0., 0., 0., 0., 0., 0., 0., 0., 0., 0., 0., 0., 0., 0.,
       0., 0., 0., 0., 0., 0., 0., 0., 0., 0., 0., 0., 0., 0., 0., 0.,
       0., 0., 0., 0., 0., 0., 0., 0., 0., 0., 0., 0., 0., 0., 0., 0.,
       0., 0., 0., 0., 0., 0., 0., 0., 0., 0., 0., 0., 8.20789561e-02,
       -7.53688887e-02, -1.19591862e-01, -4.49567251e-02,
       -3.51178157e-03, 3.12763751e-02, -3.13849151e-02, -1.24397583e-01,
       -2.47949678e-02, -8.64088014e-02, 3.88850737e-03, 3.27549130e-02,
       -1.68670919e-02, -1.69360399e-01, 2.56931479e-03, 3.60710174e-02,
       1.30828306e-01, -9.67361256e-02, 8.15425813e-02, 1.11424606e-02,
       -4.89436164e-02, 3.84667553e-02, -1.72927245e-01, 9.17300303e-03,
       2.06780992e-03, 1.52695999e-01, -8.35144799e-03, 1.45300075e-01,
       6.24538399e-02, 3.33633684e-02, 1.43337503e-01, 1.14439547e-01,
       -5.35058556e-03, -9.08892751e-02, -4.23524342e-03, 4.76896390e-02,
       -1.42098799e-01, 7.75663108e-02, 1.00121260e-01, 1.14457659e-01,
       -4.55993414e-02, 1.39809370e-01, 7.12314844e-02, -8.09299871e-02,
       1.53115131e-02, -9.63408779e-03, 6.40221406e-03, 1.00651436e-01,
       -6.76490143e-02, 1.13347627e-01, 7.14734793e-02, 3.62239853e-02,
       5.67155816e-02, -3.60443741e-02, 7.85990655e-02, 9.28971842e-02,
       -9.08246711e-02, -2.33104043e-02, 8.41162950e-02, -3.67021076e-02,
       -5.18774502e-02, -1.53481498e-01, 2.55667102e-02, 1.24368489e-01,
       5.34858257e-02, 1.65446460e-01, 8.71644989e-02, -2.19962094e-03,
       3.57271396e-02, -2.00615693e-02, 3.43038999e-02, -1.89917848e-01,
       7.43075982e-02, -7.03528598e-02, -1.28303459e-02, 9.55201238e-02,
       -4.38529402e-02, 1.41076371e-01, -1.59304410e-01, 4.18116135e-04,
       -1.06037557e-01, 3.30198519e-02, -4.15386856e-02, 1.08060889e-01,
       8.27777386e-02, -9.26554352e-02, 6.16138838e-02, -1.22624353e-01,
       -8.59978199e-02, 5.46445772e-02, 1.56522885e-01, -8.06267932e-02,
       -1.23495320e-02, -7.64794573e-02, 2.88751367e-02, 8.88400003e-02,
       -4.75733727e-02, -1.18308458e-02, -1.64933980e-01,
       -6.49473816e-03, -9.29223746e-02, -3.08126956e-02, 1.79555669e-01,
       4.34724352e-04, -1.49627149e-01, -5.00878021e-02, 2.76583787e-02,
       1.61873981e-01, 1.00731831e-02, -1.03295729e-01, 5.73057719e-02,
       3.64274047e-02, 1.44117391e-02, 1.17290832e-01, 1.36452049e-01,
       3.64410654e-02, -4.12510149e-02, 1.45154029e-01, 6.01932481e-02,
       -8.96994621e-02, 1.55669957e-01, -2.67441161e-02, 1.31170109e-01,
       1.82876678e-03, 6.64933696e-02, -1.92573681e-01, -5.74305914e-02,
       -6.16852678e-02, 8.76463875e-02, -1.43142417e-02, -2.11198360e-01,
       -4.91871573e-02, 2.17233803e-02, 6.18172474e-02, 1.80086289e-02,
       -9.45268497e-02, 4.82580177e-02, -4.54223938e-02, 1.92091558e-02,
       7.22943768e-02, 5.55420294e-02, -2.49507964e-01, 9.72630084e-02,
       1.67738535e-02, 1.32314548e-01, -1.20264478e-01, 7.81834498e-02,
       2.22073123e-02, -4.54201922e-02, 4.64700311e-02, -1.86636090e-01,
       8.47127736e-02, -4.65431735e-02, 1.01967104e-01, 1.92429703e-02,
       7.86152706e-02, 6.12303652e-02, -1.53394497e-03, 1.20631069e-01,
       8.12505484e-02, 5.99646801e-03, -1.20147996e-01, 7.06335306e-02,
       -4.19155993e-02, -1.70235723e-01, 8.80584717e-02, 1.55678317e-01,
       1.19487338e-01, -1.17315121e-01, 1.09042816e-01, 8.59531537e-02,
       -1.39041290e-01, 2.88799452e-03, 9.16220713e-03, -5.83971268e-04,
       7.58790523e-02, -2.31665522e-02, 4.27868702e-02, 4.63905819e-02,
       4.69139740e-02, 5.85270002e-02, -1.12456726e-02, 3.43058929e-02,
       4.14507762e-02, -8.76293927e-02, -5.97631708e-02, 1.22227548e-02,
       -5.01128994e-02, -3.90458778e-02, -8.79033878e-02,
       -3.88642922e-02, 6.86693043e-02, 1.38966724e-01, 1.11514769e-01,
       1.35023296e-01, 5.14560612e-03, 2.59604747e-03, -3.56571227e-02,
       1.12659000e-01, -1.63460955e-01, 2.99596582e-02, -2.07340773e-02,
       2.82472353e-02, 6.66768551e-02, 3.40926461e-02, 1.15588412e-01,
       -1.65051222e-01, -1.64140912e-03, -5.48441671e-02, 4.48296107e-02,
       -1.07248142e-01, 2.41018794e-02, 8.39847550e-02, -8.93850401e-02,
       2.84859762e-02, -1.90202162e-01, -1.47553742e-01, -1.88453682e-03,
       1.32935137e-01, -5.65819480e-02, -1.07972678e-02, -5.00276238e-02,
       -4.63483855e-03, 9.56360847e-02, -8.69690999e-02, 1.03201918e-01,
       -2.11165383e-01, -3.03763878e-02, -5.33345304e-02,
       -9.03788432e-02, 1.77528709e-01, 2.85658836e-02, -1.89235345e-01,
       2.50678547e-02, -2.22226907e-03, 4.61385772e-02, 3.90074477e-02,
       -4.48493287e-02, 2.39322390e-02, 5.71452938e-02, -2.99845207e-02,
       2.95446794e-02, 8.18613321e-02, 5.33918925e-02, -1.41505286e-01,
       1.20570600e-01, 5.82685843e-02, 3.10720280e-02, 8.50639343e-02,
       -2.03533508e-02, 1.45411447e-01, 3.21584195e-02, 7.97817856e-02,
       -1.05094254e-01, -3.05268858e-02, -7.97574073e-02, 0., 0., 0., 0.,
       0., 0., 0., 0., 0., 0., 0., 0., 0., 0., 0., 0., 0., 0., 0., 0.,
       0., 0., 0., 0., 0., 0., 0., 0., 0., 0., 0., 0., 0., 0., 0., 0.,
       0., 0., 0., 0., 0., 0., 0., 0., 0., 0., 0., 0., 0., 0., 0., 0.,
       0., 0., 0., 0., 0., 0., 0., 0., 0., 0., 0., 0., 0., 0., 0., 0.,
